1747 - 2060 brightness 4 > 0 

7471 - 7808 brightnss 0 > 4 

12931 - 13210 brightness 4 > 0 

vol 0 
0040   09 0b 00 00 01 00 0e 00 00 00 00 e9 07 03 10 10
0050   29 2a 00 00 00 00 00 00 00 00 00 00 00 00 00 00

vol 100 

0040   09 0b 00 00 01 00 0e 00 64 00 00 e9 07 03 10 10
0050   2a 08 00 00 00 00 00 00 00 00 00 00 00 00 00 00

vol 15

0040   09 0b 00 00 01 00 0e 00 0f 00 00 e9 07 03 10 10
0050   2a 1c 00 00 00 00 00 00 00 00 00 00 00 00 00 00


The volume is controlled by the byte at 0040 



